0.5139797195056376
0.23542401821933934
0.48460024694009707
0.09037981710536114
0.6159585354410584
0.20413329386441192
0.7064098284330536
0.5742090837538497
0.7348651403562294
0.7709885355146793
0.3057918558695263
0.9962087940337759
0.42766184187861866
0.9921955095382197
0.32107381152599423
0.09597273066629697
0.8718861775045801
0.7329396971351512
0.48725879860779464
0.0385420307645169
0.2686541390436231
0.4506162775934994
0.24940595608328775
0.3011783526720051
0.19818799822127098
0.3236197662997694
0.643607281066822
0.23868924715595996
0.2788732870963725
0.41595632129092586
0.008429022281283394
0.9384740329337101
0.5886439025620296
0.04212516737732863
0.3578605529284732
0.40071379337590574
0.13456506669518264
0.8177882281305423
0.5838727512007695
0.9522152477374077
0.736084556017373
0.23932417445024678
0.09163740639763907
0.3854627392737754
0.9080368783310496
0.2629718255214235
0.06765890191038171
0.6048532790426102
0.10718995463488401
0.3665851901548436
0.548185189337381
0.6027617824958075
0.005338668810276892
0.8183159330462986
0.2242758665241461
0.13375515940459204
0.45276862939289075
0.5640261143978903
0.16326980759564502
0.061504758695178574
0.5949986258750942
0.13605296397442723
0.26282590597627775
0.748609035297919
0.5611637099515161
0.10260694816366966
0.9816854018461937
0.8687938641842666
0.03025060392829082
0.9219502567217912
0.9296713447923294
0.5722768288627771
0.27985713600373563
0.3817814294664128
0.42796961230359554
0.4882018397668415
0.3698755815041571
0.8594939918177731
0.6833805338044044
0.760017056988604
0.5009395348599246
0.547047506891812
0.23157697488079232
0.5674846226519817
0.9244358989396148
0.01563550313810047
0.344636169020901
0.49132788999733734
0.13467184456379033
0.8160532818148704
0.2320823244585617
0.16201383383922074
0.27905544081501976
0.47721860023005247
0.3720279675333388
0.038319671956662416
0.4814477819427341
0.7536318945478928
0.47477219317088926
0.06844894536267276
